Q5.
======

   | 0  1  2  3  4  5  6  7  8  9  a  b  c  d  e  f 
----------------------------------------------------
 0 |16  0  0  0  0  0  0  0  0  0  0  0  0  0  0  0 
 1 | 0  0  0  2  0  0  0  2  0  2  4  0  4  2  0  0 
 2 | 0  0  0  2  0  6  2  2  0  2  0  0  0  0  2  0 
 3 | 0  0  2  0  2  0  0  0  0  4  2  0  2  0  0  4 
 4 | 0  0  0  2  0  0  6  0  0  2  0  4  2  0  0  0 
 5 | 0  4  0  0  0  2  2  0  0  0  4  0  2  0  0  2 
 6 | 0  0  0  4  0  4  0  0  0  0  0  0  2  2  2  2 
 7 | 0  0  2  2  2  0  2  0  0  2  2  0  0  0  0  4 
 8 | 0  0  0  0  0  0  2  2  0  0  0  4  0  4  2  2 
 9 | 0  2  0  0  2  0  0  4  2  0  2  2  2  0  0  0 
 a | 0  2  2  0  0  0  0  0  6  0  0  2  0  0  4  0 
 b | 0  0  8  0  0  2  0  2  0  0  0  0  0  2  0  2 
 c | 0  2  0  0  2  2  2  0  0  0  0  2  0  6  0  0 
 d | 0  4  0  0  0  0  0  4  2  0  2  0  2  0  2  0 
 e | 0  0  2  4  2  0  0  0  6  0  0  0  0  0  2  0 
 f | 0  2  0  0  6  0  0  0  0  4  0  2  0  0  2  0


Q6.
======

8:
b --> 2

6:
2 --> 5
4 --> 6
a --> 8
c --> d
e --> 8
f --> 4

4:
1 --> a
1 --> c
3 --> 9
3 --> f
4 --> b
5 --> 1
5 --> a
6 --> 3
6 --> 5
7 --> f
8 --> b
8 --> d
9 --> 7
a --> e
d --> 1
d --> 7
e --> 3
f --> 9

Q7.
======

P(d-->1) * P(1-->a) * P(1-->a) * P(1-->a)
4/16 * 4/16 * 4/16 * 4/16
= 1/256


Q8.
======

P(b-->2) * P(8-->6) * P(2-->5) * P(2-->5)
8/16 * 6/16 * 6/16 * 6/16
= 27/1024
